KTT04001	54001	18	0	1	0	0	1
KTT04002	54001	20	0	1	0	0	1
KTT04003	54001	22	0	1	0	0	1
KTT04004	54001	24	0	1	0	0	1
KTT04005	54001	25	0	1	0	0	1
KTT04006	54001	26	0	1	0	0	1
KTT04007	54001	28	0	1	0	0	1
KTT04008	54001	30	0	1	0	0	1
KTT04009	54001	32	0	1	0	0	1
KTT04001	54002	18	0	1	0	0	1
KTT04002	54002	20	0	1	0	0	1
KTT04003	54002	22	0	1	0	0	1
KTT04004	54002	24	0	1	0	0	1
KTT04005	54002	25	0	1	0	0	1
KTT04006	54002	26	0	1	0	0	1
KTT04007	54002	28	0	1	0	0	1
KTT04008	54002	30	0	1	0	0	1
KTT04009	54002	32	0	1	0	0	1
KTT04001	54003	18	0	1	0	0	1
KTT04002	54003	20	0	1	0	0	1
KTT04020	54003	22	0	1	0	0	1
KTT04004	54003	24	0	1	0	0	1
KTT04005	54003	25	0	1	0	0	1
KTT04001	54004	18	0	1	0	0	1
KTT04002	54004	20	0	1	0	0	1
KTT04020	54004	22	0	1	0	0	1
KTT04004	54004	24	0	1	0	0	1
KTT04005	54004	25	0	1	0	0	1
KTT04030	54005	18	0	1	0	0	1
KTT04031	54005	20	0	1	0	0	1
KTT04032	54005	20	3	1	0	0	1
KTT04033	54005	20	6	1	0	0	1
KTT04034	54005	20	7	1	0	0	1
KTT04035	54005	21	0	1	0	0	1
KTT04036	54005	21	1	1	0	0	1
KTT04037	54005	21	2	1	0	0	1
KTT04038	54005	21	3	1	0	0	1
KTT04039	54005	21	4	1	0	0	1
KTT04040	54005	21	5	1	0	0	1
KTT04041	54005	21	6	1	0	0	1
KTT04042	54005	21	7	1	0	0	1
KTT04251	54005	22	0	1	0	0	1
KTT04910	54005	23	0	1	0	0	1
KTT04043	54005	25	0	1	0	0	1
KTT04044	54005	26	0	1	0	0	1
KTT04045	54005	27	0	1	0	0	1
KTT04046	54005	28	0	1	0	0	1
KTT04047	54005	28	1	1	0	0	1
KTT04048	54005	28	2	1	0	0	1
KTT04049	54005	28	3	1	0	0	1
KTT04050	54005	28	4	1	0	0	1
KTT04051	54005	28	5	1	0	0	1
KTT04052	54005	28	6	1	0	0	1
KTT04053	54005	28	7	1	0	0	1
KTT04054	54005	29	0	1	0	0	1
KTT04055	54005	30	0	1	0	0	1
KTT04056	54005	31	0	1	0	0	1
KTT04057	54005	32	0	1	0	0	1
KTT04058	54005	33	0	1	0	0	1
KTT04059	54005	34	0	1	0	0	1
KTT04060	54005	35	0	1	0	0	1
KTT04061	54005	36	0	1	0	0	1
KTT04062	54005	37	0	1	0	0	1
KTT04063	54005	38	0	1	0	0	1
KTT04064	54005	39	0	1	0	0	1
KTT04065	54005	40	0	1	0	0	1
KTT04066	54005	41	0	1	0	0	1
KTT04067	54005	42	0	1	0	0	1
KTT04068	54005	43	0	1	0	0	1
KTT04069	54005	43	1	1	0	0	1
KTT04070	54005	43	2	1	0	0	1
KTT04071	54005	43	3	1	0	0	1
KTT04072	54005	43	4	1	0	0	1
KTT04073	54005	43	5	1	0	0	1
KTT04074	54005	43	6	1	0	0	1
KTT04075	54005	43	7	1	0	0	1
KTT04076	54005	44	0	1	0	0	1
KTT04077	54005	46	0	1	0	0	1
KTT04078	54005	48	0	1	0	0	1
KTT04079	54005	50	0	1	0	0	1
KTT04080	54005	52	0	1	0	0	1
KTT04081	54005	54	0	1	0	0	1
KTT04082	54005	56	0	1	0	0	1
KTT04083	54005	63	0	1	0	0	1
KTT04084	54005	64	0	1	0	0	1
KTT04085	54005	66	0	1	0	0	1
KTT04086	54005	68	0	1	0	0	1
KTT04087	54005	75	0	1	0	0	1
KTT04088	54005	76	0	1	0	0	1
KTT04089	54005	78	0	1	0	0	1
KTT04090	54005	80	0	1	0	0	1
KTT04091	54005	82	0	1	0	0	1
KTT04092	54005	84	0	1	0	0	1
KTT04093	54005	86	0	1	0	0	1
KTT04094	54005	88	0	1	0	0	1
KTT04095	54005	95	0	1	0	0	1
KTT04096	54005	96	0	1	0	0	1
KTT04097	54005	100	0	1	0	0	1
KTT04098	54005	107	0	1	0	0	1
KTT04099	54005	108	0	1	0	0	1
KTT04100	54005	109	0	1	0	0	1
KTT04101	54005	110	0	1	0	0	1
KTT04102	54005	117	0	1	0	0	1
KTT04911	54005	118	0	1	0	0	1
KTT04160	54005	119	0	1	0	0	1
KTT04912	54005	120	0	1	0	0	1
KTT04913	54005	121	0	1	0	0	1
KTT04161	54005	122	0	1	0	0	1
KTT04914	54005	123	0	1	0	0	1
KTT04163	54005	124	0	1	0	0	1
KTT04915	54005	128	0	1	0	0	1
KTT04916	54005	132	0	1	0	0	1
KTT04162	54005	136	0	1	0	0	1
KTT04164	54005	140	0	1	0	0	1
KTT04165	54005	144	0	1	0	0	1
KTT04917	54005	148	0	1	0	0	1
KTT04918	54005	150	0	1	0	0	1
KTT04919	54005	152	0	1	0	0	1
KTT04920	54005	154	0	1	0	0	1
KTT04921	54005	156	0	1	0	0	1
KTT04166	54005	160	0	1	0	0	1
KTT04167	54005	164	0	1	0	0	1
KTT04168	54005	165	0	1	0	0	1
KTT04169	54005	166	0	1	0	0	1
KTT04170	54005	167	0	1	0	0	1
KTT04941	54005	168	0	1	0	0	1
KTT04030	54006	18	0	1	0	0	1
KTT04180	54006	20	0	1	0	0	1
KTT04181	54006	21	0	1	0	0	1
KTT04182	54006	22	0	1	0	0	1
KTT04183	54006	22	1	1	0	0	1
KTT04184	54006	22	2	1	0	0	1
KTT04185	54006	22	3	1	0	0	1
KTT04186	54006	22	4	1	0	0	1
KTT04187	54006	22	5	1	0	0	1
KTT04188	54006	22	6	1	0	0	1
KTT04189	54006	22	7	1	0	0	1
KTT04190	54006	23	0	1	0	0	1
KTT04191	54006	23	1	1	0	0	1
KTT04192	54006	23	2	1	0	0	1
KTT04193	54006	23	3	1	0	0	1
KTT04194	54006	23	4	1	0	0	1
KTT04195	54006	23	5	1	0	0	1
KTT04196	54006	23	6	1	0	0	1
KTT04197	54006	23	7	1	0	0	1
KTT04198	54006	24	0	1	0	0	1
KTT04199	54006	26	0	1	0	0	1
KTT04200	54006	28	0	1	0	0	1
KTT04201	54006	30	0	1	0	0	1
KTT04202	54006	32	0	1	0	0	1
KTT04203	54006	34	0	1	0	0	1
KTT04204	54006	36	0	1	0	0	1
KTT04205	54006	38	0	1	0	0	1
KTT04206	54006	40	0	1	0	0	1
KTT04207	54006	42	0	1	0	0	1
KTT04208	54006	44	0	1	0	0	1
KTT04209	54006	46	0	1	0	0	1
KTT04210	54006	48	0	1	0	0	1
KTT04211	54006	50	0	1	0	0	1
KTT04212	54006	52	0	1	0	0	1
KTT04213	54006	54	0	1	0	0	1
KTT04214	54006	56	0	1	0	0	1
KTT04215	54006	58	0	1	0	0	1
KTT04216	54006	60	0	1	0	0	1
KTT04030	54027	18	0	1	0	0	1
KTT04103	54027	20	0	1	0	0	1
KTT04104	54027	21	0	1	0	0	1
KTT04105	54027	22	0	1	0	0	1
KTT04106	54027	23	0	1	0	0	1
KTT04107	54027	24	0	1	0	0	1
KTT04108	54027	25	0	1	0	0	1
KTT04109	54027	26	0	1	0	0	1
KTT04110	54027	27	0	1	0	0	1
KTT04111	54027	28	0	1	0	0	1
KTT04112	54027	29	0	1	0	0	1
KTT04113	54027	30	0	1	0	0	1
KTT04114	54027	31	0	1	0	0	1
KTT04115	54027	32	0	1	0	0	1
KTT04116	54027	33	0	1	0	0	1
KTT04117	54027	34	0	1	0	0	1
KTT04118	54027	35	0	1	0	0	1
KTT04119	54027	36	0	1	0	0	1
KTT04120	54027	37	0	1	0	0	1
KTT04121	54027	38	0	1	0	0	1
KTT04122	54027	39	0	1	0	0	1
KTT04123	54027	40	0	1	0	0	1
KTT04124	54027	41	0	1	0	0	1
KTT04125	54027	42	0	1	0	0	1
KTT04126	54027	43	0	1	0	0	1
KTT04127	54027	44	0	1	0	0	1
KTT04128	54027	45	0	1	0	0	1
KTT04129	54027	46	0	1	0	0	1
KTT04130	54027	47	0	1	0	0	1
KTT04131	54027	48	0	1	0	0	1
KTT04132	54027	49	0	1	0	0	1
KTT04133	54027	50	0	1	0	0	1
KTT04134	54027	51	0	1	0	0	1
KTT04135	54027	52	0	1	0	0	1
KTT04136	54027	53	0	1	0	0	1
KTT04137	54027	54	0	1	0	0	1
KTT04138	54027	55	0	1	0	0	1
KTT04139	54027	56	0	1	0	0	1
KTT04140	54027	57	0	1	0	0	1
KTT04141	54027	58	0	1	0	0	1
KTT04142	54027	59	0	1	0	0	1
KTT04143	54027	60	0	1	0	0	1
KTT04144	54027	61	0	1	0	0	1
KTT04145	54027	62	0	1	0	0	1
KTT04146	54027	63	0	1	0	0	1
KTT04147	54027	64	0	1	0	0	1
KTT04148	54027	65	0	1	0	0	1
KTT04149	54027	66	0	1	0	0	1
KTT04150	54027	67	0	1	0	0	1
KTT04151	54027	68	0	1	0	0	1
KTT04152	54027	69	0	1	0	0	1
KTT04153	54027	70	0	1	0	0	1
KTT04154	54027	71	0	1	0	0	1
KTT04155	54027	72	0	1	0	0	1
KTT04156	54027	73	0	1	0	0	1
KTT04157	54027	74	0	1	0	0	1
KTT04158	54027	75	0	1	0	0	1
KTT04159	54027	76	0	1	0	0	1
KTT04940	54027	77	0	1	0	0	1
KTT04250	54008	18	0	1	0	0	1
KTT04251	54008	20	0	1	0	0	1
KTT04031	54008	21	0	1	0	0	1
KTT04032	54008	21	3	1	0	0	1
KTT04033	54008	21	6	1	0	0	1
KTT04034	54008	21	7	1	0	0	1
KTT04035	54008	22	0	1	0	0	1
KTT04036	54008	22	1	1	0	0	1
KTT04037	54008	22	2	1	0	0	1
KTT04038	54008	22	3	1	0	0	1
KTT04039	54008	22	4	1	0	0	1
KTT04040	54008	22	5	1	0	0	1
KTT04041	54008	22	6	1	0	0	1
KTT04042	54008	22	7	1	0	0	1
KTT04252	54008	23	0	1	0	0	1
KTT04253	54008	24	0	1	0	0	1
KTT04250	54009	18	0	1	0	0	1
KTT04270	54009	20	0	1	0	0	1
KTT04271	54009	21	0	1	0	0	1
KTT04250	54010	18	0	1	0	0	1
KTT04290	54010	20	0	1	0	0	1
KTT04291	54010	21	0	1	0	0	1
KTT04292	54010	22	0	1	0	0	1
KTT04293	54010	26	0	1	0	0	1
KTT04250	54011	18	0	1	0	0	1
KTT04290	54011	20	0	1	0	0	1
KTT04291	54011	21	0	1	0	0	1
KTT04310	54011	22	0	1	0	0	1
KTT04311	54011	29	0	1	0	0	1
KTT04312	54011	30	0	1	0	0	1
KTT04313	54011	31	0	1	0	0	1
KTT04250	54012	18	0	1	0	0	1
KTT04290	54012	20	0	1	0	0	1
KTT04291	54012	21	0	1	0	0	1
KTT04292	54012	22	0	1	0	0	1
KTT04293	54012	26	0	1	0	0	1
KTT04550	54012	30	0	1	0	0	1
KTT04551	54012	34	0	1	0	0	1
KTT04250	54013	18	0	1	0	0	1
KTT04290	54013	20	0	1	0	0	1
KTT04291	54013	21	0	1	0	0	1
KTT04250	54014	18	0	1	0	0	1
KTT04290	54014	20	0	1	0	0	1
KTT04291	54014	21	0	1	0	0	1
KTT04250	54015	18	0	1	0	0	1
KTT04290	54015	20	0	1	0	0	1
KTT04291	54015	21	0	1	0	0	1
KTT04250	54016	18	0	1	0	0	1
KTT04290	54016	20	0	1	0	0	1
KTT04291	54016	21	0	1	0	0	1
KTT04270	54016	22	0	1	0	0	1
KTT04690	54016	23	0	1	0	0	1
KTT04691	54016	24	0	1	0	0	1
KTT04942	54016	25	0	1	0	0	1
KTT04250	54017	18	0	1	0	0	1
KTT04290	54017	20	0	1	0	0	1
KTT04291	54017	21	0	1	0	0	1
KTT04780	54017	22	0	1	0	0	1
KTT04781	54017	26	0	1	0	0	1
KTT04782	54017	30	0	1	0	0	1
KTT04783	54017	34	0	1	0	0	1
KTT04784	54017	38	0	1	0	0	1
KTT04250	54018	18	0	1	0	0	1
KTT04290	54018	20	0	1	0	0	1
KTT04291	54018	21	0	1	0	0	1
KTT04780	54018	22	0	1	0	0	1
KTT04781	54018	26	0	1	0	0	1
KTT04782	54018	30	0	1	0	0	1
KTT04783	54018	34	0	1	0	0	1
KTT04784	54018	38	0	1	0	0	1
KTT04250	54019	18	0	1	0	0	1
KTT04290	54019	20	0	1	0	0	1
KTT04291	54019	21	0	1	0	0	1
KTT04780	54019	22	0	1	0	0	1
KTT04781	54019	26	0	1	0	0	1
KTT04782	54019	30	0	1	0	0	1
KTT04783	54019	34	0	1	0	0	1
KTT04784	54019	38	0	1	0	0	1
KTT04250	54020	18	0	1	0	0	1
KTT04290	54020	20	0	1	0	0	1
KTT04291	54020	21	0	1	0	0	1
KTT04780	54020	22	0	1	0	0	1
KTT04781	54020	26	0	1	0	0	1
KTT04782	54020	30	0	1	0	0	1
KTT04783	54020	34	0	1	0	0	1
KTT04784	54020	38	0	1	0	0	1
KTT04250	54021	18	0	1	0	0	1
KTT04290	54021	20	0	1	0	0	1
KTT04291	54021	21	0	1	0	0	1
KTT04780	54021	22	0	1	0	0	1
KTT04781	54021	26	0	1	0	0	1
KTT04782	54021	30	0	1	0	0	1
KTT04783	54021	34	0	1	0	0	1
KTT04784	54021	38	0	1	0	0	1
KTT04250	54022	18	0	1	0	0	1
KTT04290	54022	20	0	1	0	0	1
KTT04291	54022	21	0	1	0	0	1
KTT04780	54022	22	0	1	0	0	1
KTT04781	54022	26	0	1	0	0	1
KTT04782	54022	30	0	1	0	0	1
KTT04783	54022	34	0	1	0	0	1
KTT04784	54022	38	0	1	0	0	1
KTT04250	54023	18	0	1	0	0	1
KTT04290	54023	20	0	1	0	0	1
KTT04291	54023	21	0	1	0	0	1
KTT04310	54023	22	0	1	0	0	1
KTT04311	54023	29	0	1	0	0	1
KTT04850	54023	30	0	1	0	0	1
KTT04851	54023	31	0	1	0	0	1
KTT04852	54023	32	0	1	0	0	1
KTT04853	54023	34	0	1	0	0	1
KTT04854	54023	38	0	1	0	0	1
KTT04855	54023	42	0	1	0	0	1
KTT04856	54023	46	0	1	0	0	1
KTT04857	54023	50	0	1	0	0	1
KTT04858	54023	54	0	1	0	0	1
KTT04859	54023	58	0	1	0	0	1
KTT04860	54023	62	0	1	0	0	1
KTT04861	54023	66	0	1	0	0	1
KTT04862	54023	70	0	1	0	0	1
KTT04292	54023	74	0	1	0	0	1
KTT04863	54023	78	0	1	0	0	1
KTT04864	54023	82	0	1	0	0	1
KTT04865	54023	86	0	1	0	0	1
KTT04866	54023	90	0	1	0	0	1
KTT04867	54023	94	0	1	0	0	1
KTT04868	54023	98	0	1	0	0	1
KTT04869	54023	102	0	1	0	0	1
KTT04870	54023	106	0	1	0	0	1
KTT04871	54023	110	0	1	0	0	1
KTT04872	54023	114	0	1	0	0	1
KTT04873	54023	118	0	1	0	0	1
KTT04874	54023	122	0	1	0	0	1
KTT04875	54023	126	0	1	0	0	1
KTT04876	54023	130	0	1	0	0	1
KTT04877	54023	134	0	1	0	0	1
KTT04250	54024	18	0	1	0	0	1
KTT04290	54024	20	0	1	0	0	1
KTT04291	54024	21	0	1	0	0	1
KTT04310	54024	22	0	1	0	0	1
KTT04311	54024	29	0	1	0	0	1
KTT04850	54024	30	0	1	0	0	1
KTT04851	54024	31	0	1	0	0	1
KTT04890	54024	32	0	1	0	0	1
KTT04853	54024	34	0	1	0	0	1
KTT04854	54024	38	0	1	0	0	1
KTT04855	54024	42	0	1	0	0	1
KTT04856	54024	46	0	1	0	0	1
KTT04857	54024	50	0	1	0	0	1
KTT04858	54024	54	0	1	0	0	1
KTT04859	54024	58	0	1	0	0	1
KTT04860	54024	62	0	1	0	0	1
KTT04861	54024	66	0	1	0	0	1
KTT04862	54024	70	0	1	0	0	1
KTT04292	54024	74	0	1	0	0	1
KTT04863	54024	78	0	1	0	0	1
KTT04864	54024	82	0	1	0	0	1
KTT04865	54024	86	0	1	0	0	1
KTT04866	54024	90	0	1	0	0	1
KTT04867	54024	94	0	1	0	0	1
KTT04868	54024	98	0	1	0	0	1
KTT04869	54024	102	0	1	0	0	1
KTT04870	54024	106	0	1	0	0	1
KTT04871	54024	110	0	1	0	0	1
KTT04872	54024	114	0	1	0	0	1
KTT04873	54024	118	0	1	0	0	1
KTT04874	54024	122	0	1	0	0	1
KTT04875	54024	126	0	1	0	0	1
KTT04876	54024	130	0	1	0	0	1
KTT04877	54024	134	0	1	0	0	1
KTT04250	54025	18	0	1	0	0	1
KTT04290	54025	20	0	1	0	0	1
KTT04291	54025	21	0	1	0	0	1
KTT04310	54025	22	0	1	0	0	1
KTT04311	54025	29	0	1	0	0	1
KTT04850	54025	30	0	1	0	0	1
KTT04851	54025	31	0	1	0	0	1
KTT04852	54025	32	0	1	0	0	1
KTT04853	54025	34	0	1	0	0	1
KTT04854	54025	38	0	1	0	0	1
KTT04855	54025	42	0	1	0	0	1
KTT04856	54025	46	0	1	0	0	1
KTT04857	54025	50	0	1	0	0	1
KTT04858	54025	54	0	1	0	0	1
KTT04859	54025	58	0	1	0	0	1
KTT04860	54025	62	0	1	0	0	1
KTT04861	54025	66	0	1	0	0	1
KTT04862	54025	70	0	1	0	0	1
KTT04292	54025	74	0	1	0	0	1
KTT04863	54025	78	0	1	0	0	1
KTT04864	54025	82	0	1	0	0	1
KTT04865	54025	86	0	1	0	0	1
KTT04866	54025	90	0	1	0	0	1
KTT04867	54025	94	0	1	0	0	1
KTT04868	54025	98	0	1	0	0	1
KTT04869	54025	102	0	1	0	0	1
KTT04870	54025	106	0	1	0	0	1
KTT04871	54025	110	0	1	0	0	1
KTT04872	54025	114	0	1	0	0	1
KTT04873	54025	118	0	1	0	0	1
KTT04874	54025	122	0	1	0	0	1
KTT04875	54025	126	0	1	0	0	1
KTT04876	54025	130	0	1	0	0	1
KTT04877	54025	134	0	1	0	0	1
KTT04250	54026	18	0	1	0	0	1
KTT04290	54026	20	0	1	0	0	1
KTT04291	54026	21	0	1	0	0	1
KTT04310	54026	22	0	1	0	0	1
KTT04311	54026	29	0	1	0	0	1
KTT04850	54026	30	0	1	0	0	1
KTT04851	54026	31	0	1	0	0	1
KTT04852	54026	32	0	1	0	0	1
KTT04853	54026	34	0	1	0	0	1
KTT04854	54026	38	0	1	0	0	1
KTT04855	54026	42	0	1	0	0	1
KTT04856	54026	46	0	1	0	0	1
KTT04857	54026	50	0	1	0	0	1
KTT04858	54026	54	0	1	0	0	1
KTT04859	54026	58	0	1	0	0	1
KTT04860	54026	62	0	1	0	0	1
KTT04861	54026	66	0	1	0	0	1
KTT04862	54026	70	0	1	0	0	1
KTT04292	54026	74	0	1	0	0	1
KTT04863	54026	78	0	1	0	0	1
KTT04864	54026	82	0	1	0	0	1
KTT04865	54026	86	0	1	0	0	1
KTT04866	54026	90	0	1	0	0	1
KTT04867	54026	94	0	1	0	0	1
KTT04868	54026	98	0	1	0	0	1
KTT04869	54026	102	0	1	0	0	1
KTT04870	54026	106	0	1	0	0	1
KTT04871	54026	110	0	1	0	0	1
KTT04872	54026	114	0	1	0	0	1
KTT04873	54026	118	0	1	0	0	1
KTT04874	54026	122	0	1	0	0	1
KTT04875	54026	126	0	1	0	0	1
KTT04876	54026	130	0	1	0	0	1
KTT04877	54026	134	0	1	0	0	1
KST05386	52001	18	0	1	0	0	1
KST05387	52001	20	0	1	0	0	1
KST05386	52002	18	0	1	0	0	1
KST05387	52002	20	0	1	0	0	1
KST05382	52002	22	0	1	0	0	1
KST05391	52002	24	0	1	0	0	1
KST05390	52002	25	0	1	0	0	1
KST05385	52002	26	0	1	0	0	1
KST05388	52002	28	0	1	0	0	1
KST05389	52002	30	0	1	0	0	1
KST05381	52002	32	0	1	0	0	1
KST05386	52003	18	0	1	0	0	1
KST05387	52003	20	0	1	0	0	1
KST05382	52003	22	0	1	0	0	1
KST05391	52003	24	0	1	0	0	1
KST05390	52003	25	0	1	0	0	1
KST05385	52003	26	0	1	0	0	1
KST05388	52003	28	0	1	0	0	1
KST05389	52003	30	0	1	0	0	1
KST05381	52003	32	0	1	0	0	1
KST05386	52004	18	0	1	0	0	1
KST05387	52004	20	0	1	0	0	1
KST05382	52004	22	0	1	0	0	1
KST05391	52004	24	0	1	0	0	1
KST05390	52004	25	0	1	0	0	1
KST05385	52004	26	0	1	0	0	1
KST05388	52004	28	0	1	0	0	1
KST05389	52004	30	0	1	0	0	1
KST05381	52004	32	0	1	0	0	1
KST05386	52005	18	0	1	0	0	1
KST05387	52005	20	0	1	0	0	1
KST05382	52005	22	0	1	0	0	1
KST05391	52005	24	0	1	0	0	1
KST05390	52005	25	0	1	0	0	1
KST05385	52005	26	0	1	0	0	1
KST05388	52005	28	0	1	0	0	1
KST05389	52005	30	0	1	0	0	1
KST05381	52005	32	0	1	0	0	1
KST05386	52006	18	0	1	0	0	1
KST05387	52006	20	0	1	0	0	1
KST05382	52006	22	0	1	0	0	1
KST05391	52006	24	0	1	0	0	1
KST05390	52006	25	0	1	0	0	1
KST05385	52006	26	0	1	0	0	1
KST05388	52006	28	0	1	0	0	1
KST05389	52006	30	0	1	0	0	1
KST05381	52006	32	0	1	0	0	1
KST05386	52007	18	0	1	0	0	1
KST05387	52007	20	0	1	0	0	1
KST05382	52007	22	0	1	0	0	1
KST05391	52007	24	0	1	0	0	1
KST05390	52007	25	0	1	0	0	1
KST05385	52007	26	0	1	0	0	1
KST05388	52007	28	0	1	0	0	1
KST05389	52007	30	0	1	0	0	1
KST05381	52007	32	0	1	0	0	1
KST05386	52008	18	0	1	0	0	1
KST05387	52008	20	0	1	0	0	1
KST05382	52008	22	0	1	0	0	1
KST05391	52008	24	0	1	0	0	1
KST05390	52008	25	0	1	0	0	1
KST05385	52008	26	0	1	0	0	1
KST05388	52008	28	0	1	0	0	1
KST05389	52008	30	0	1	0	0	1
KST05381	52008	32	0	1	0	0	1
KST05386	52009	18	0	1	0	0	1
KST05387	52009	20	0	1	0	0	1
KST05382	52009	22	0	1	0	0	1
KST05391	52009	24	0	1	0	0	1
KST05390	52009	25	0	1	0	0	1
KST05385	52009	26	0	1	0	0	1
KST05388	52009	28	0	1	0	0	1
KST05389	52009	30	0	1	0	0	1
KST05381	52009	32	0	1	0	0	1
KST05386	52010	18	0	1	0	0	1
KST05387	52010	20	0	1	0	0	1
KST05382	52010	22	0	1	0	0	1
KST05391	52010	24	0	1	0	0	1
KST05390	52010	25	0	1	0	0	1
KST05385	52010	26	0	1	0	0	1
KST05388	52010	28	0	1	0	0	1
KST05389	52010	30	0	1	0	0	1
KST05381	52010	32	0	1	0	0	1
KST05386	52011	18	0	1	0	0	1
KST05387	52011	20	0	1	0	0	1
KST05382	52011	22	0	1	0	0	1
KST05391	52011	24	0	1	0	0	1
KST05390	52011	25	0	1	0	0	1
KST05385	52011	26	0	1	0	0	1
KST05388	52011	28	0	1	0	0	1
KST05389	52011	30	0	1	0	0	1
KST05381	52011	32	0	1	0	0	1
KST05386	52012	18	0	1	0	0	1
KST05387	52012	20	0	1	0	0	1
KST05382	52012	22	0	1	0	0	1
KST05391	52012	24	0	1	0	0	1
KST05390	52012	25	0	1	0	0	1
KST05385	52012	26	0	1	0	0	1
KST05388	52012	28	0	1	0	0	1
KST05389	52012	30	0	1	0	0	1
KST05381	52012	32	0	1	0	0	1
KST05386	52013	18	0	1	0	0	1
KST05387	52013	20	0	1	0	0	1
KST05382	52013	22	0	1	0	0	1
KST05391	52013	24	0	1	0	0	1
KST05390	52013	25	0	1	0	0	1
KST05385	52013	26	0	1	0	0	1
KST05388	52013	28	0	1	0	0	1
KST05389	52013	30	0	1	0	0	1
KST05381	52013	32	0	1	0	0	1
KST05386	52014	18	0	1	0	0	1
KST05387	52014	20	0	1	0	0	1
KST05382	52014	22	0	1	0	0	1
KST05391	52014	24	0	1	0	0	1
KST05390	52014	25	0	1	0	0	1
KST05385	52014	26	0	1	0	0	1
KST05388	52014	28	0	1	0	0	1
KST05389	52014	30	0	1	0	0	1
KST05381	52014	32	0	1	0	0	1
KST05386	52015	18	0	1	0	0	1
KST05387	52015	20	0	1	0	0	1
KST05382	52015	22	0	1	0	0	1
KST05391	52015	24	0	1	0	0	1
KST05390	52015	25	0	1	0	0	1
KST05385	52015	26	0	1	0	0	1
KST05388	52015	28	0	1	0	0	1
KST05389	52015	30	0	1	0	0	1
KST05381	52015	32	0	1	0	0	1
KST05386	52016	18	0	1	0	0	1
KST05387	52016	20	0	1	0	0	1
KST05382	52016	22	0	1	0	0	1
KST05391	52016	24	0	1	0	0	1
KST05390	52016	25	0	1	0	0	1
KST05385	52016	26	0	1	0	0	1
KST05388	52016	28	0	1	0	0	1
KST05389	52016	30	0	1	0	0	1
KST05381	52016	32	0	1	0	0	1
KST05386	52017	18	0	1	0	0	1
KST05387	52017	20	0	1	0	0	1
KST05382	52017	22	0	1	0	0	1
KST05391	52017	24	0	1	0	0	1
KST05390	52017	25	0	1	0	0	1
KST05385	52017	26	0	1	0	0	1
KST05388	52017	28	0	1	0	0	1
KST05389	52017	30	0	1	0	0	1
KST05381	52017	32	0	1	0	0	1
KST05386	52018	18	0	1	0	0	1
KST05387	52018	20	0	1	0	0	1
KST05382	52018	22	0	1	0	0	1
KST05391	52018	24	0	1	0	0	1
KST05390	52018	25	0	1	0	0	1
KST05385	52018	26	0	1	0	0	1
KST05388	52018	28	0	1	0	0	1
KST05389	52018	30	0	1	0	0	1
KST05381	52018	32	0	1	0	0	1
KST05386	52019	18	0	1	0	0	1
KST05387	52019	20	0	1	0	0	1
KST05382	52019	22	0	1	0	0	1
KST05391	52019	24	0	1	0	0	1
KST05390	52019	25	0	1	0	0	1
KST05385	52019	26	0	1	0	0	1
KST05388	52019	28	0	1	0	0	1
KST05389	52019	30	0	1	0	0	1
KST05381	52019	32	0	1	0	0	1
KST05386	52020	18	0	1	0	0	1
KST05387	52020	20	0	1	0	0	1
KST05382	52020	22	0	1	0	0	1
KST05391	52020	24	0	1	0	0	1
KST05390	52020	25	0	1	0	0	1
KST05385	52020	26	0	1	0	0	1
KST05388	52020	28	0	1	0	0	1
KST05389	52020	30	0	1	0	0	1
KST05381	52020	32	0	1	0	0	1
KST05386	52021	18	0	1	0	0	1
KST05387	52021	20	0	1	0	0	1
KST05382	52021	22	0	1	0	0	1
KST05391	52021	24	0	1	0	0	1
KST05390	52021	25	0	1	0	0	1
KST05385	52021	26	0	1	0	0	1
KST05388	52021	28	0	1	0	0	1
KST05389	52021	30	0	1	0	0	1
KST05381	52021	32	0	1	0	0	1
KST05386	52022	18	0	1	0	0	1
KST05387	52022	20	0	1	0	0	1
KST05382	52022	22	0	1	0	0	1
KST05391	52022	24	0	1	0	0	1
KST05390	52022	25	0	1	0	0	1
KST05385	52022	26	0	1	0	0	1
KST05388	52022	28	0	1	0	0	1
KST05389	52022	30	0	1	0	0	1
KST05381	52022	32	0	1	0	0	1
KST05386	52023	18	0	1	0	0	1
KST05387	52023	20	0	1	0	0	1
KST05382	52023	22	0	1	0	0	1
KST05391	52023	24	0	1	0	0	1
KST05390	52023	25	0	1	0	0	1
KST05385	52023	26	0	1	0	0	1
KST05388	52023	28	0	1	0	0	1
KST05389	52023	30	0	1	0	0	1
KST05381	52023	32	0	1	0	0	1
KST05386	52024	18	0	1	0	0	1
KST05387	52024	20	0	1	0	0	1
KST05382	52024	22	0	1	0	0	1
KST05391	52024	24	0	1	0	0	1
KST05390	52024	25	0	1	0	0	1
KST05385	52024	26	0	1	0	0	1
KST05388	52024	28	0	1	0	0	1
KST05389	52024	30	0	1	0	0	1
KST05381	52024	32	0	1	0	0	1
KST05386	52025	18	0	1	0	0	1
KST05387	52025	20	0	1	0	0	1
KST05382	52025	22	0	1	0	0	1
KST05391	52025	24	0	1	0	0	1
KST05390	52025	25	0	1	0	0	1
KST05385	52025	26	0	1	0	0	1
KST05388	52025	28	0	1	0	0	1
KST05389	52025	30	0	1	0	0	1
KST05381	52025	32	0	1	0	0	1
KST05386	52026	18	0	1	0	0	1
KST05387	52026	20	0	1	0	0	1
KST05382	52026	22	0	1	0	0	1
KST05391	52026	24	0	1	0	0	1
KST05390	52026	25	0	1	0	0	1
KST05385	52026	26	0	1	0	0	1
KST05388	52026	28	0	1	0	0	1
KST05389	52026	30	0	1	0	0	1
KST05381	52026	32	0	1	0	0	1
KST05386	52027	18	0	1	0	0	1
KST05387	52027	20	0	1	0	0	1
KST05382	52027	22	0	1	0	0	1
KST05391	52027	24	0	1	0	0	1
KST05390	52027	25	0	1	0	0	1
KST05385	52027	26	0	1	0	0	1
KST05388	52027	28	0	1	0	0	1
KST05389	52027	30	0	1	0	0	1
KST05381	52027	32	0	1	0	0	1
KST05386	52028	18	0	1	0	0	1
KST05387	52028	20	0	1	0	0	1
KST05382	52028	22	0	1	0	0	1
KST05391	52028	24	0	1	0	0	1
KST05390	52028	25	0	1	0	0	1
KST05385	52028	26	0	1	0	0	1
KST05388	52028	28	0	1	0	0	1
KST05389	52028	30	0	1	0	0	1
KST05381	52028	32	0	1	0	0	1
KST05386	52029	18	0	1	0	0	1
KST05387	52029	20	0	1	0	0	1
KST05382	52029	22	0	1	0	0	1
KST05391	52029	24	0	1	0	0	1
KST05390	52029	25	0	1	0	0	1
KST05385	52029	26	0	1	0	0	1
KST05388	52029	28	0	1	0	0	1
KST05389	52029	30	0	1	0	0	1
KST05381	52029	32	0	1	0	0	1
KST05386	52030	18	0	1	0	0	1
KST05387	52030	20	0	1	0	0	1
KST05386	52031	18	0	1	0	0	1
KST05387	52031	20	0	1	0	0	1
KST05383	52031	22	0	1	0	0	1
KST05391	52031	24	0	1	0	0	1
KST05390	52031	25	0	1	0	0	1
KST05386	52032	18	0	1	0	0	1
KST05387	52032	20	0	1	0	0	1
KST05383	52032	22	0	1	0	0	1
KST05391	52032	24	0	1	0	0	1
KST05390	52032	25	0	1	0	0	1
KST05386	52033	18	0	1	0	0	1
KST05387	52033	20	0	1	0	0	1
KST05383	52033	22	0	1	0	0	1
KST05391	52033	24	0	1	0	0	1
KST05390	52033	25	0	1	0	0	1
KST05386	52034	18	0	1	0	0	1
KST05387	52034	20	0	1	0	0	1
KST05383	52034	22	0	1	0	0	1
KST05391	52034	24	0	1	0	0	1
KST05390	52034	25	0	1	0	0	1
KST05386	52035	18	0	1	0	0	1
KST05387	52035	20	0	1	0	0	1
KST05383	52035	22	0	1	0	0	1
KST05391	52035	24	0	1	0	0	1
KST05390	52035	25	0	1	0	0	1
KST05386	52036	18	0	1	0	0	1
KST05387	52036	20	0	1	0	0	1
KST05383	52036	22	0	1	0	0	1
KST05391	52036	24	0	1	0	0	1
KST05390	52036	25	0	1	0	0	1
KST05386	52037	18	0	1	0	0	1
KST05387	52037	20	0	1	0	0	1
KST05383	52037	22	0	1	0	0	1
KST05391	52037	24	0	1	0	0	1
KST05390	52037	25	0	1	0	0	1
KST05386	52038	18	0	1	0	0	1
KST05387	52038	20	0	1	0	0	1
KST05383	52038	22	0	1	0	0	1
KST05391	52038	24	0	1	0	0	1
KST05390	52038	25	0	1	0	0	1
KST05386	52039	18	0	1	0	0	1
KST05387	52039	20	0	1	0	0	1
KST05383	52039	22	0	1	0	0	1
KST05391	52039	24	0	1	0	0	1
KST05390	52039	25	0	1	0	0	1
KST05386	52040	18	0	1	0	0	1
KST05387	52040	20	0	1	0	0	1
KST05383	52040	22	0	1	0	0	1
KST05391	52040	24	0	1	0	0	1
KST05390	52040	25	0	1	0	0	1
KST05386	52041	18	0	1	0	0	1
KST05387	52041	20	0	1	0	0	1
KST05383	52041	22	0	1	0	0	1
KST05391	52041	24	0	1	0	0	1
KST05390	52041	25	0	1	0	0	1
KST05386	52237	18	0	1	0	0	1
KST05387	52237	20	0	1	0	0	1
KST05383	52237	22	0	1	0	0	1
KST05391	52237	24	0	1	0	0	1
KST05390	52237	25	0	1	0	0	1
KST05386	52042	18	0	1	0	0	1
KST05387	52042	20	0	1	0	0	1
KST05383	52042	22	0	1	0	0	1
KST05391	52042	24	0	1	0	0	1
KST05390	52042	25	0	1	0	0	1
KST05386	52043	18	0	1	0	0	1
KST05387	52043	20	0	1	0	0	1
KST05383	52043	22	0	1	0	0	1
KST05391	52043	24	0	1	0	0	1
KST05390	52043	25	0	1	0	0	1
KST05386	52044	18	0	1	0	0	1
KST05387	52044	20	0	1	0	0	1
KST05383	52044	22	0	1	0	0	1
KST05391	52044	24	0	1	0	0	1
KST05390	52044	25	0	1	0	0	1
KST05386	52045	18	0	1	0	0	1
KST05387	52045	20	0	1	0	0	1
KST05383	52045	22	0	1	0	0	1
KST05391	52045	24	0	1	0	0	1
KST05390	52045	25	0	1	0	0	1
KST05386	52046	18	0	1	0	0	1
KST05387	52046	20	0	1	0	0	1
KST05383	52046	22	0	1	0	0	1
KST05391	52046	24	0	1	0	0	1
KST05390	52046	25	0	1	0	0	1
KST05386	52047	18	0	1	0	0	1
KST05387	52047	20	0	1	0	0	1
KST05383	52047	22	0	1	0	0	1
KST05391	52047	24	0	1	0	0	1
KST05390	52047	25	0	1	0	0	1
KST05386	52048	18	0	1	0	0	1
KST05387	52048	20	0	1	0	0	1
KST05386	52049	18	0	1	0	0	1
KST05387	52049	20	0	1	0	0	1
KST05384	52049	22	0	1	0	0	1
KST05391	52049	24	0	1	0	0	1
KST05390	52049	25	0	1	0	0	1
KST05386	52050	18	0	1	0	0	1
KST05387	52050	20	0	1	0	0	1
KST05384	52050	22	0	1	0	0	1
KST05391	52050	24	0	1	0	0	1
KST05390	52050	25	0	1	0	0	1
KST05386	52051	18	0	1	0	0	1
KST05387	52051	20	0	1	0	0	1
KST05384	52051	22	0	1	0	0	1
KST05391	52051	24	0	1	0	0	1
KST05390	52051	25	0	1	0	0	1
KST05189	52058	18	0	1	0	0	1
KST05164	52058	20	0	1	0	0	1
KST05166	52058	21	0	1	0	0	1
KST05057	52058	22	0	1	0	0	1
KST05174	52058	23	0	1	0	0	1
KST05161	52058	24	0	1	0	0	1
KST05159	52058	26	0	1	0	0	1
KST05160	52058	28	0	1	0	0	1
KST05158	52058	30	0	1	0	0	1
KST05157	52058	32	0	1	0	0	1
KST05156	52058	34	0	1	0	0	1
KST05163	52058	36	0	1	0	0	1
KST05152	52058	38	0	1	0	0	1
KST05153	52058	40	0	1	0	0	1
KST05151	52058	42	0	1	0	0	1
KST05155	52058	44	0	1	0	0	1
KST05154	52058	46	0	1	0	0	1
KST05001	52058	48	0	1	0	0	1
KST05003	52058	50	0	1	0	0	1
KST05002	52058	52	0	1	0	0	1
KST05162	52058	54	0	1	0	0	1
KST05167	52058	56	0	1	0	0	1
KST05168	52058	58	0	1	0	0	1
KST05368	52058	60	0	1	0	0	1
KST05189	52059	18	0	1	0	0	1
KST05468	52059	20	0	1	0	0	1
KST05356	52059	24	0	1	0	0	1
KST05357	52059	28	0	1	0	0	1
KST05354	52059	30	0	1	0	0	1
KST05360	52059	32	0	1	0	0	1
KST05365	52059	34	0	1	0	0	1
KST05707	52059	36	0	1	0	0	1
KST05337	52059	38	0	1	0	0	1
KST05340	52059	40	0	1	0	0	1
KST05608	52059	42	0	1	0	0	1
KST05786	52059	44	0	1	0	0	1
KST05617	52059	46	0	1	0	0	1
KST05626	52059	48	0	1	0	0	1
KST05635	52059	50	0	1	0	0	1
KST05654	52059	52	0	1	0	0	1
KST05798	52059	54	0	1	0	0	1
KST05700	52059	56	0	1	0	0	1
KST05663	52059	58	0	1	0	0	1
KST05673	52059	60	0	1	0	0	1
KST05682	52059	62	0	1	0	0	1
KST05691	52059	64	0	1	0	0	1
KST05350	52059	66	0	1	0	0	1
KST05373	52059	68	0	1	0	0	1
KST05374	52059	70	0	1	0	0	1
KST05375	52059	72	0	1	0	0	1
KST05376	52059	74	0	1	0	0	1
KST05377	52059	76	0	1	0	0	1
KST05378	52059	78	0	1	0	0	1
KST05379	52059	80	0	1	0	0	1
KST05380	52059	82	0	1	0	0	1
KST05709	52059	84	0	1	0	0	1
KST05710	52059	85	0	1	0	0	1
KST05721	52059	86	0	1	0	0	1
KST05714	52059	90	0	1	0	0	1
KST05711	52059	92	0	1	0	0	1
KST05718	52059	94	0	1	0	0	1
KST05719	52059	98	0	1	0	0	1
KST05732	52059	102	0	1	0	0	1
KST05733	52059	106	0	1	0	0	1
KST05738	52059	110	0	1	0	0	1
KST05739	52059	114	0	1	0	0	1
KST05055	52059	118	0	1	0	0	1
KST05053	52059	119	0	1	0	0	1
KST05778	52059	120	0	1	0	0	1
KST05977	52059	122	0	1	0	0	1
KST05461	52059	126	0	1	0	0	1
KST05465	52059	128	0	1	0	0	1
KST05043	52062	18	0	1	0	0	1
KST05063	52062	20	0	1	0	0	1
KST05038	52062	22	0	1	0	0	1
KST05126	52062	24	0	1	0	0	1
KST05043	52063	18	0	1	0	0	1
KST05064	52063	20	0	1	0	0	1
KST05039	52063	22	0	1	0	0	1
KST05126	52063	24	0	1	0	0	1
KST05043	52064	18	0	1	0	0	1
KST05126	52064	20	0	1	0	0	1
KST05043	52065	18	0	1	0	0	1
KST05317	52065	20	0	1	0	0	1
KST05051	52065	22	0	1	0	0	1
KST05059	52065	24	0	1	0	0	1
KST05043	52066	18	0	1	0	0	1
KST05317	52066	20	0	1	0	0	1
KST05043	52067	18	0	1	0	0	1
KST05041	52067	20	0	1	0	0	1
KST05061	52067	21	0	1	0	0	1
KST05043	52068	18	0	1	0	0	1
KST05041	52068	20	0	1	0	0	1
KST05061	52068	21	0	1	0	0	1
KST05028	52068	22	0	1	0	0	1
KST05059	52068	24	0	1	0	0	1
KST05043	52223	18	0	1	0	0	1
KST05041	52223	20	0	1	0	0	1
KST05061	52223	21	0	1	0	0	1
KST05028	52223	22	0	1	0	0	1
KST05027	52223	24	0	1	0	0	1
KST05070	52223	26	0	1	0	0	1
KST05071	52223	28	0	1	0	0	1
KST05043	52069	18	0	1	0	0	1
KST05041	52069	20	0	1	0	0	1
KST05061	52069	21	0	1	0	0	1
KST05028	52069	22	0	1	0	0	1
KST05027	52069	24	0	1	0	0	1
KST05070	52069	26	0	1	0	0	1
KST05071	52069	28	0	1	0	0	1
KST05043	52070	18	0	1	0	0	1
KST05041	52070	20	0	1	0	0	1
KST05061	52070	21	0	1	0	0	1
KST05028	52070	22	0	1	0	0	1
KST05027	52070	24	0	1	0	0	1
KST05070	52070	26	0	1	0	0	1
KST05071	52070	28	0	1	0	0	1
KST05043	52239	18	0	1	0	0	1
KST05041	52239	20	0	1	0	0	1
KST05061	52239	21	0	1	0	0	1
KST05588	52239	22	0	1	0	0	1
KST05636	52239	26	0	1	0	0	1
KST05059	52239	28	0	1	0	0	1
KST05043	52071	18	0	1	0	0	1
KST05041	52071	20	0	1	0	0	1
KST05061	52071	21	0	1	0	0	1
KST05035	52071	22	0	1	0	0	1
KST05036	52071	24	0	1	0	0	1
KST05043	52243	18	0	1	0	0	1
KST05041	52243	20	0	1	0	0	1
KST05061	52243	21	0	1	0	0	1
KST05885	52243	22	0	1	0	0	1
KST05883	52243	24	0	1	0	0	1
KST05070	52243	26	0	1	0	0	1
KST05071	52243	28	0	1	0	0	1
KST05043	52224	18	0	1	0	0	1
KST05041	52224	20	0	1	0	0	1
KST05061	52224	21	0	1	0	0	1
KST05028	52224	22	0	1	0	0	1
KST05027	52224	24	0	1	0	0	1
KST05070	52224	26	0	1	0	0	1
KST05071	52224	28	0	1	0	0	1
KST05043	52225	18	0	1	0	0	1
KST05041	52225	20	0	1	0	0	1
KST05061	52225	21	0	1	0	0	1
KST05401	52225	22	0	1	0	0	1
KST05402	52225	24	0	1	0	0	1
KST05411	52225	26	0	1	0	0	1
KST05412	52225	28	0	1	0	0	1
KST05667	52225	30	0	1	0	0	1
KST05043	52072	18	0	1	0	0	1
KST05041	52072	20	0	1	0	0	1
KST05061	52072	21	0	1	0	0	1
KST05030	52072	22	0	1	0	0	1
KST05029	52072	26	0	1	0	0	1
KST05043	52073	18	0	1	0	0	1
KST05041	52073	20	0	1	0	0	1
KST05061	52073	21	0	1	0	0	1
KST05030	52073	22	0	1	0	0	1
KST05029	52073	26	0	1	0	0	1
KST05043	52074	18	0	1	0	0	1
KST05041	52074	20	0	1	0	0	1
KST05061	52074	21	0	1	0	0	1
KST05028	52074	22	0	1	0	0	1
KST05027	52074	24	0	1	0	0	1
KST05070	52074	26	0	1	0	0	1
KST05071	52074	28	0	1	0	0	1
KST05043	52075	18	0	1	0	0	1
KST05041	52075	20	0	1	0	0	1
KST05061	52075	21	0	1	0	0	1
KST05043	52076	18	0	1	0	0	1
KST05041	52076	20	0	1	0	0	1
KST05061	52076	21	0	1	0	0	1
KST05043	52077	18	0	1	0	0	1
KST05041	52077	20	0	1	0	0	1
KST05061	52077	21	0	1	0	0	1
KST05028	52077	22	0	1	0	0	1
KST05027	52077	24	0	1	0	0	1
KST05070	52077	26	0	1	0	0	1
KST05071	52077	28	0	1	0	0	1
KST05043	52078	18	0	1	0	0	1
KST05041	52078	20	0	1	0	0	1
KST05061	52078	21	0	1	0	0	1
KST05056	52078	22	0	1	0	0	1
KST05054	52078	23	0	1	0	0	1
KST05126	52078	24	0	1	0	0	1
KST05043	52079	18	0	1	0	0	1
KST05041	52079	20	0	1	0	0	1
KST05061	52079	21	0	1	0	0	1
KST05056	52079	22	0	1	0	0	1
KST05054	52079	23	0	1	0	0	1
KST05059	52079	24	0	1	0	0	1
KST05043	52080	18	0	1	0	0	1
KST05041	52080	20	0	1	0	0	1
KST05061	52080	21	0	1	0	0	1
KST05056	52080	22	0	1	0	0	1
KST05054	52080	23	0	1	0	0	1
KST05059	52080	24	0	1	0	0	1
KST05043	52081	18	0	1	0	0	1
KST05041	52081	20	0	1	0	0	1
KST05061	52081	21	0	1	0	0	1
KST05052	52081	22	0	1	0	0	1
KST05043	52082	18	0	1	0	0	1
KST05041	52082	20	0	1	0	0	1
KST05061	52082	21	0	1	0	0	1
KST05044	52082	22	0	1	0	0	1
KST05026	52082	24	0	1	0	0	1
KST05043	52083	18	0	1	0	0	1
KST05041	52083	20	0	1	0	0	1
KST05061	52083	21	0	1	0	0	1
KST05043	52084	18	0	1	0	0	1
KST05041	52084	20	0	1	0	0	1
KST05061	52084	21	0	1	0	0	1
KST05043	52085	18	0	1	0	0	1
KST05041	52085	20	0	1	0	0	1
KST05061	52085	21	0	1	0	0	1
KST05043	52086	18	0	1	0	0	1
KST05041	52086	20	0	1	0	0	1
KST05061	52086	21	0	1	0	0	1
KST05043	52087	18	0	1	0	0	1
KST05041	52087	20	0	1	0	0	1
KST05061	52087	21	0	1	0	0	1
KST05043	52088	18	0	1	0	0	1
KST05041	52088	20	0	1	0	0	1
KST05061	52088	21	0	1	0	0	1
KST05043	52089	18	0	1	0	0	1
KST05041	52089	20	0	1	0	0	1
KST05061	52089	21	0	1	0	0	1
KST05043	52090	18	0	1	0	0	1
KST05041	52090	20	0	1	0	0	1
KST05061	52090	21	0	1	0	0	1
KST05043	52226	18	0	1	0	0	1
KST05041	52226	20	0	1	0	0	1
KST05061	52226	21	0	1	0	0	1
KST05028	52226	22	0	1	0	0	1
KST05027	52226	24	0	1	0	0	1
KST05031	52226	26	0	1	0	0	1
KST05032	52226	28	0	1	0	0	1
KST05043	52091	18	0	1	0	0	1
KST05041	52091	20	0	1	0	0	1
KST05061	52091	21	0	1	0	0	1
KST05072	52091	22	0	1	0	0	1
KST05126	52091	24	0	1	0	0	1
KST05043	52092	18	0	1	0	0	1
KST05041	52092	20	0	1	0	0	1
KST05061	52092	21	0	1	0	0	1
KST05033	52092	22	0	1	0	0	1
KST05126	52092	24	0	1	0	0	1
KST05043	52093	18	0	1	0	0	1
KST05041	52093	20	0	1	0	0	1
KST05061	52093	21	0	1	0	0	1
KST05052	52093	22	0	1	0	0	1
KST05043	52240	18	0	1	0	0	1
KST05041	52240	20	0	1	0	0	1
KST05061	52240	21	0	1	0	0	1
KST05057	52240	22	0	1	0	0	1
KST05597	52240	23	0	1	0	0	1
KST05456	52240	25	0	1	0	0	1
KST05062	52240	27	0	1	0	0	1
KST05059	52240	28	0	1	0	0	1
KST05043	52227	18	0	1	0	0	1
KST05041	52227	20	0	1	0	0	1
KST05061	52227	21	0	1	0	0	1
KST05890	52227	22	0	1	0	0	1
KST05779	52227	24	0	1	0	0	1
KST05043	52228	18	0	1	0	0	1
KST05041	52228	20	0	1	0	0	1
KST05061	52228	21	0	1	0	0	1
KST05043	52094	18	0	1	0	0	1
KST05041	52094	20	0	1	0	0	1
KST05061	52094	21	0	1	0	0	1
KST05028	52094	22	0	1	0	0	1
KST05027	52094	24	0	1	0	0	1
KST05070	52094	26	0	1	0	0	1
KST05071	52094	28	0	1	0	0	1
KST05043	52095	18	0	1	0	0	1
KST05041	52095	20	0	1	0	0	1
KST05061	52095	21	0	1	0	0	1
KST05028	52095	22	0	1	0	0	1
KST05027	52095	24	0	1	0	0	1
KST05031	52095	26	0	1	0	0	1
KST05032	52095	28	0	1	0	0	1
KST05043	52096	18	0	1	0	0	1
KST05041	52096	20	0	1	0	0	1
KST05061	52096	21	0	1	0	0	1
KST05028	52096	22	0	1	0	0	1
KST05027	52096	24	0	1	0	0	1
KST05031	52096	26	0	1	0	0	1
KST05032	52096	28	0	1	0	0	1
KST05043	52097	18	0	1	0	0	1
KST05041	52097	20	0	1	0	0	1
KST05061	52097	21	0	1	0	0	1
KST05073	52097	22	0	1	0	0	1
KST05126	52097	24	0	1	0	0	1
KST05043	52229	18	0	1	0	0	1
KST05041	52229	20	0	1	0	0	1
KST05061	52229	21	0	1	0	0	1
KST05043	52238	18	0	1	0	0	1
KST05041	52238	20	0	1	0	0	1
KST05061	52238	21	0	1	0	0	1
KST05885	52238	22	0	1	0	0	1
KST05883	52238	24	0	1	0	0	1
KST05031	52238	26	0	1	0	0	1
KST05032	52238	28	0	1	0	0	1
KST05043	52230	18	0	1	0	0	1
KST05041	52230	20	0	1	0	0	1
KST05061	52230	21	0	1	0	0	1
KST05891	52230	22	0	1	0	0	1
KST05799	52230	24	0	1	0	0	1
KST05043	52231	18	0	1	0	0	1
KST05041	52231	20	0	1	0	0	1
KST05061	52231	21	0	1	0	0	1
KST05043	52098	18	0	1	0	0	1
KST05041	52098	20	0	1	0	0	1
KST05061	52098	21	0	1	0	0	1
KST05025	52098	22	0	1	0	0	1
KST05126	52098	24	0	1	0	0	1
KST05043	52232	18	0	1	0	0	1
KST05041	52232	20	0	1	0	0	1
KST05061	52232	21	0	1	0	0	1
KST05043	52233	18	0	1	0	0	1
KST05041	52233	20	0	1	0	0	1
KST05061	52233	21	0	1	0	0	1
KST05885	52233	22	0	1	0	0	1
KST05883	52233	24	0	1	0	0	1
KST05031	52233	26	0	1	0	0	1
KST05032	52233	28	0	1	0	0	1
KST05043	52234	18	0	1	0	0	1
KST05041	52234	20	0	1	0	0	1
KST05061	52234	21	0	1	0	0	1
KST05028	52234	22	0	1	0	0	1
KST05027	52234	24	0	1	0	0	1
KST05031	52234	26	0	1	0	0	1
KST05032	52234	28	0	1	0	0	1
KST05043	52235	18	0	1	0	0	1
KST05041	52235	20	0	1	0	0	1
KST05061	52235	21	0	1	0	0	1
KST05043	52099	18	0	1	0	0	1
KST05041	52099	20	0	1	0	0	1
KST05061	52099	21	0	1	0	0	1
KST05043	52100	18	0	1	0	0	1
KST05041	52100	20	0	1	0	0	1
KST05061	52100	21	0	1	0	0	1
KST05047	52100	22	0	1	0	0	1
KST05062	52100	23	0	1	0	0	1
KST05126	52100	24	0	1	0	0	1
KST05043	52101	18	0	1	0	0	1
KST05041	52101	20	0	1	0	0	1
KST05061	52101	21	0	1	0	0	1
KST05047	52101	22	0	1	0	0	1
KST05045	52101	23	0	1	0	0	1
KST05126	52101	24	0	1	0	0	1
KST05043	52102	18	0	1	0	0	1
KST05041	52102	20	0	1	0	0	1
KST05061	52102	21	0	1	0	0	1
KST05030	52102	22	0	1	0	0	1
KST05029	52102	26	0	1	0	0	1
KST05069	52102	30	0	1	0	0	1
KST05068	52102	34	0	1	0	0	1
KST05043	52103	18	0	1	0	0	1
KST05041	52103	20	0	1	0	0	1
KST05061	52103	21	0	1	0	0	1
KST05127	52103	22	0	1	0	0	1
KST05128	52103	26	0	1	0	0	1
KST05043	52104	18	0	1	0	0	1
KST05041	52104	20	0	1	0	0	1
KST05061	52104	21	0	1	0	0	1
KST05030	52104	22	0	1	0	0	1
KST05029	52104	26	0	1	0	0	1
KST05069	52104	30	0	1	0	0	1
KST05068	52104	34	0	1	0	0	1
KST05043	52105	18	0	1	0	0	1
KST05041	52105	20	0	1	0	0	1
KST05061	52105	21	0	1	0	0	1
KST05030	52105	22	0	1	0	0	1
KST05029	52105	26	0	1	0	0	1
KST05069	52105	30	0	1	0	0	1
KST05068	52105	34	0	1	0	0	1
KST05043	52244	18	0	1	0	0	1
KST05041	52244	20	0	1	0	0	1
KST05061	52244	21	0	1	0	0	1
KST05034	52244	22	0	1	0	0	1
KST05050	52244	24	0	1	0	0	1
KST05043	52106	18	0	1	0	0	1
KST05041	52106	20	0	1	0	0	1
KST05061	52106	21	0	1	0	0	1
KST05030	52106	22	0	1	0	0	1
KST05029	52106	26	0	1	0	0	1
KST05069	52106	30	0	1	0	0	1
KST05068	52106	34	0	1	0	0	1
KST05043	52107	18	0	1	0	0	1
KST05041	52107	20	0	1	0	0	1
KST05061	52107	21	0	1	0	0	1
KST05026	52107	22	0	1	0	0	1
KST05126	52107	24	0	1	0	0	1
KST05043	52108	18	0	1	0	0	1
KST05041	52108	20	0	1	0	0	1
KST05061	52108	21	0	1	0	0	1
KST05028	52108	22	0	1	0	0	1
KST05027	52108	24	0	1	0	0	1
KST05031	52108	26	0	1	0	0	1
KST05032	52108	28	0	1	0	0	1
KST05043	52109	18	0	1	0	0	1
KST05041	52109	20	0	1	0	0	1
KST05061	52109	21	0	1	0	0	1
KST05028	52109	22	0	1	0	0	1
KST05027	52109	24	0	1	0	0	1
KST05070	52109	26	0	1	0	0	1
KST05071	52109	28	0	1	0	0	1
KST05043	52110	18	0	1	0	0	1
KST05041	52110	20	0	1	0	0	1
KST05061	52110	21	0	1	0	0	1
KST05028	52110	22	0	1	0	0	1
KST05027	52110	24	0	1	0	0	1
KST05031	52110	26	0	1	0	0	1
KST05032	52110	28	0	1	0	0	1
KST05043	52236	18	0	1	0	0	1
KST05041	52236	20	0	1	0	0	1
KST05061	52236	21	0	1	0	0	1
KST05884	52236	22	0	1	0	0	1
KST05059	52236	24	0	1	0	0	1
KST05043	52132	18	0	1	0	0	1
KST05041	52132	20	0	1	0	0	1
KST05061	52132	21	0	1	0	0	1
KST05073	52132	22	0	1	0	0	1
KST05075	52132	24	0	1	0	0	1
KST05043	52111	18	0	1	0	0	1
KST05041	52111	20	0	1	0	0	1
KST05061	52111	21	0	1	0	0	1
KST05057	52111	22	0	1	0	0	1
KST05055	52111	23	0	1	0	0	1
KST05053	52111	24	0	1	0	0	1
KST05129	52111	25	0	1	0	0	1
KST05043	52112	18	0	1	0	0	1
KST05041	52112	20	0	1	0	0	1
KST05061	52112	21	0	1	0	0	1
KST05057	52112	22	0	1	0	0	1
KST05055	52112	23	0	1	0	0	1
KST05053	52112	24	0	1	0	0	1
KST05129	52112	25	0	1	0	0	1
KST05043	52113	18	0	1	0	0	1
KST05041	52113	20	0	1	0	0	1
KST05061	52113	21	0	1	0	0	1
KST05043	52114	18	0	1	0	0	1
KST05041	52114	20	0	1	0	0	1
KST05061	52114	21	0	1	0	0	1
KST05056	52114	22	0	1	0	0	1
KST05062	52114	23	0	1	0	0	1
KST05126	52114	24	0	1	0	0	1
KST05043	52115	18	0	1	0	0	1
KST05035	52115	20	0	1	0	0	1
KST05061	52115	22	0	1	0	0	1
KST05058	52115	23	0	1	0	0	1
KST05129	52115	25	0	1	0	0	1
KST05043	52116	18	0	1	0	0	1
KST05041	52116	20	0	1	0	0	1
KST05061	52116	21	0	1	0	0	1
KST05058	52116	22	0	1	0	0	1
KST05126	52116	24	0	1	0	0	1
KST05043	52117	18	0	1	0	0	1
KST05041	52117	20	0	1	0	0	1
KST05061	52117	21	0	1	0	0	1
KST05065	52117	22	0	1	0	0	1
KST05037	52117	24	0	1	0	0	1
KST05043	52118	18	0	1	0	0	1
KST05041	52118	20	0	1	0	0	1
KST05061	52118	21	0	1	0	0	1
KST05043	52119	18	0	1	0	0	1
KST05041	52119	20	0	1	0	0	1
KST05061	52119	21	0	1	0	0	1
KST05043	52245	18	0	1	0	0	1
KST05041	52245	20	0	1	0	0	1
KST05061	52245	21	0	1	0	0	1
KST05046	52245	22	0	1	0	0	1
KST05059	52245	24	0	1	0	0	1
KST05043	52120	18	0	1	0	0	1
KST05041	52120	20	0	1	0	0	1
KST05061	52120	21	0	1	0	0	1
KST05043	52121	18	0	1	0	0	1
KST05041	52121	20	0	1	0	0	1
KST05061	52121	21	0	1	0	0	1
KST05043	52122	18	0	1	0	0	1
KST05041	52122	20	0	1	0	0	1
KST05061	52122	21	0	1	0	0	1
KST05043	52123	18	0	1	0	0	1
KST05041	52123	20	0	1	0	0	1
KST05061	52123	21	0	1	0	0	1
KST05043	52124	18	0	1	0	0	1
KST05041	52124	20	0	1	0	0	1
KST05061	52124	21	0	1	0	0	1
KST05043	52246	18	0	1	0	0	1
KST05041	52246	20	0	1	0	0	1
KST05061	52246	21	0	1	0	0	1
KST05066	52246	22	0	1	0	0	1
KST05067	52246	24	0	1	0	0	1
KST05043	52125	18	0	1	0	0	1
KST05041	52125	20	0	1	0	0	1
KST05061	52125	21	0	1	0	0	1
KST05043	52126	18	0	1	0	0	1
KST05041	52126	20	0	1	0	0	1
KST05061	52126	21	0	1	0	0	1
KST05028	52126	22	0	1	0	0	1
KST05027	52126	24	0	1	0	0	1
KST05031	52126	26	0	1	0	0	1
KST05032	52126	28	0	1	0	0	1
KST05043	52127	18	0	1	0	0	1
KST05041	52127	20	0	1	0	0	1
KST05061	52127	21	0	1	0	0	1
KST05049	52127	22	0	1	0	0	1
KST05046	52127	24	0	1	0	0	1
KST05043	52129	18	0	1	0	0	1
KST05041	52129	20	0	1	0	0	1
KST05061	52129	21	0	1	0	0	1
KST05028	52129	22	0	1	0	0	1
KST05027	52129	24	0	1	0	0	1
KST05031	52129	26	0	1	0	0	1
KST05032	52129	28	0	1	0	0	1
KST05043	52130	18	0	1	0	0	1
KST05041	52130	20	0	1	0	0	1
KST05061	52130	21	0	1	0	0	1
KST05043	52131	18	0	1	0	0	1
KST05041	52131	20	0	1	0	0	1
KST05061	52131	21	0	1	0	0	1
KST05043	52133	18	0	1	0	0	1
KST05041	52133	20	0	1	0	0	1
KST05061	52133	21	0	1	0	0	1
KST05057	52133	22	0	1	0	0	1
KST05055	52133	23	0	1	0	0	1
KST05053	52133	24	0	1	0	0	1
KST05129	52133	25	0	1	0	0	1
KST05043	52134	18	0	1	0	0	1
KST05041	52134	20	0	1	0	0	1
KST05061	52134	21	0	1	0	0	1
KST05057	52134	22	0	1	0	0	1
KST05055	52134	23	0	1	0	0	1
KST05053	52134	24	0	1	0	0	1
KST05129	52134	25	0	1	0	0	1
KST05201	52242	18	0	1	0	0	1
KST05202	52242	20	0	1	0	0	1
KST05199	52242	24	0	1	0	0	1
KST05993	52242	28	0	1	0	0	1
KST05195	52146	18	0	1	0	0	1
KST05129	52146	19	0	1	0	0	1
KST05192	52146	20	0	1	0	0	1
KST05195	52151	18	0	1	0	0	1
KST05191	52151	19	0	1	0	0	1
KST05129	52151	21	0	1	0	0	1
KST05281	52156	18	0	1	0	0	1
KST05278	52156	20	0	1	0	0	1
KST05276	52156	22	0	1	0	0	1
KST05279	52156	24	0	1	0	0	1
KST05277	52156	26	0	1	0	0	1
KST05270	52156	28	0	1	0	0	1
KST05268	52156	30	0	1	0	0	1
KST05271	52156	32	0	1	0	0	1
KST05269	52156	34	0	1	0	0	1
KST05274	52156	36	0	1	0	0	1
KST05272	52156	38	0	1	0	0	1
KST05275	52156	40	0	1	0	0	1
KST05273	52156	42	0	1	0	0	1
KST05266	52156	44	0	1	0	0	1
KST05264	52156	46	0	1	0	0	1
KST05267	52156	48	0	1	0	0	1
KST05265	52156	50	0	1	0	0	1
KST05262	52156	52	0	1	0	0	1
KST05260	52156	54	0	1	0	0	1
KST05263	52156	56	0	1	0	0	1
KST05261	52156	58	0	1	0	0	1
KST05258	52156	60	0	1	0	0	1
KST05256	52156	62	0	1	0	0	1
KST05259	52156	64	0	1	0	0	1
KST05257	52156	66	0	1	0	0	1
KST05284	52156	68	0	1	0	0	1
KST05282	52156	70	0	1	0	0	1
KST05285	52156	72	0	1	0	0	1
KST05283	52156	74	0	1	0	0	1
KST05291	52156	76	0	1	0	0	1
KST05289	52156	78	0	1	0	0	1
KST05292	52156	80	0	1	0	0	1
KST05290	52156	82	0	1	0	0	1
KST05295	52156	84	0	1	0	0	1
KST05293	52156	86	0	1	0	0	1
KST05296	52156	88	0	1	0	0	1
KST05294	52156	90	0	1	0	0	1
KST05299	52156	92	0	1	0	0	1
KST05297	52156	94	0	1	0	0	1
KST05300	52156	96	0	1	0	0	1
KST05298	52156	98	0	1	0	0	1
KST05237	52156	100	0	1	0	0	1
KST05235	52156	102	0	1	0	0	1
KST05238	52156	104	0	1	0	0	1
KST05236	52156	106	0	1	0	0	1
KST05241	52156	108	0	1	0	0	1
KST05239	52156	110	0	1	0	0	1
KST05242	52156	112	0	1	0	0	1
KST05240	52156	114	0	1	0	0	1
KST05233	52156	116	0	1	0	0	1
KST05231	52156	118	0	1	0	0	1
KST05234	52156	120	0	1	0	0	1
KST05232	52156	122	0	1	0	0	1
KST05249	52156	124	0	1	0	0	1
KST05247	52156	126	0	1	0	0	1
KST05250	52156	128	0	1	0	0	1
KST05248	52156	130	0	1	0	0	1
KST05245	52156	132	0	1	0	0	1
KST05243	52156	134	0	1	0	0	1
KST05246	52156	136	0	1	0	0	1
KST05244	52156	138	0	1	0	0	1
KST05303	52156	140	0	1	0	0	1
KST05301	52156	142	0	1	0	0	1
KST05304	52156	144	0	1	0	0	1
KST05302	52156	146	0	1	0	0	1
KST05225	52156	148	0	1	0	0	1
KST05281	52157	18	0	1	0	0	1
KST05229	52157	20	0	1	0	0	1
KST05444	52157	22	0	1	0	0	1
KST05448	52157	26	0	1	0	0	1
KST05449	52157	30	0	1	0	0	1
KST05446	52157	34	0	1	0	0	1
KST05447	52157	38	0	1	0	0	1
KST05230	52157	42	0	1	0	0	1
KST05228	52157	46	0	1	0	0	1
KST05443	52157	50	0	1	0	0	1
KST05445	52157	54	0	1	0	0	1
KST05126	52157	58	0	1	0	0	1
KST05225	52157	60	0	1	0	0	1
KST05281	52158	18	0	1	0	0	1
KST05255	52158	20	0	1	0	0	1
KST05288	52158	21	0	1	0	0	1
KST05226	52158	22	0	1	0	0	1
KST05253	52158	23	0	1	0	0	1
KST05251	52158	24	0	1	0	0	1
KST05254	52158	25	0	1	0	0	1
KST05286	52158	27	0	1	0	0	1
KST05252	52158	28	0	1	0	0	1
KST05227	52158	29	0	1	0	0	1
KST05287	52158	31	0	1	0	0	1
KST05280	52158	32	0	1	0	0	1
